0 cockpit
0 Name: cockpit.ldr
0 Author: Ben Vaughan
0 ROTATION CENTER -30.7038 -13.9088 -44.1575 1 "Custom" 
0 ROTATION CONFIG 1 1
1 7 0 0 0 0 0 -1 0 1 0 1 0 0 3029.DAT
1 7 0 -24 -70 1 0 0 0 1 0 0 0 1 3010.DAT
1 7 0 -24 -100 1 0 0 0 1 0 0 0 1 3003.DAT
1 7 30 -48 0 0 0 1 0 1 0 -1 0 0 772.DAT
1 7 -30 -48 0 0 0 1 0 1 0 -1 0 0 772.DAT
1 7 0 -28 -30 1 0 0 0 1 0 0 0 1 copilot.ldr
1 7 0 -28 90 1 0 0 0 1 0 0 0 1 copilot.ldr
1 7 -30 -24 -30 1 0 0 0 1 0 0 0 1 4070.DAT
1 4 -30 -13.82 -44 0.965926 0 0.258819 0.258819 0 -0.965926 0 1 0 4592.dat
1 0 -30.056 -13.608 -44.021999 0.96599 -0.245001 0.082691 0.258562 0.91895 -0.297787 -0.003031 0.30904 0.951044 4593.DAT
1 7 0 -24 40 1 0 0 0 1 0 0 0 1 3001.DAT
1 7 30 -24 90 0 0 1 0 1 0 -1 0 0 3622.DAT
1 7 -30 -24 90 0 0 1 0 1 0 -1 0 0 3622.DAT
1 7 -30 -48 110 0 0 1 0 1 0 -1 0 0 3005.DAT
1 7 30 -48 110 0 0 1 0 1 0 -1 0 0 3005.DAT
1 7 0 -8 -30 1 0 0 0 1 0 0 0 1 4598.DAT
1 7 0 -8 90 1 0 0 0 1 0 0 0 1 4598.DAT
1 8 0 -38 128 0 0 1 1 0 0 0 1 0 3021.DAT
1 8 0 -38 8 0 0 1 1 0 0 0 1 0 3021.DAT
1 14 0 -58 0 -1 0 0 0 0 1 0 1 0 2540.DAT
1 14 0 -58 120 -1 0 0 0 0 1 0 1 0 2540.DAT
1 7 20 -48 30 -1 0 0 0 1 0 0 0 -1 3039P34.DAT
1 7 -20 -48 30 -1 0 0 0 1 0 0 0 -1 3039P58.DAT
1 7 30 -32 80 0 0 -1 0 1 0 1 0 0 3069bp54.dat
1 7 -30 -32 80 0 0 -1 0 1 0 1 0 0 3069bp50.dat
1 7 30 -8 -40 0 0 -1 0 1 0 1 0 0 3023.DAT
1 7 30 -16 -40 0 0 -1 0 1 0 1 0 0 3023.DAT
1 7 30 -24 -40 0 0 1 0 1 0 -1 0 0 3069bps1.dat
1 7 20 -32 -70 -1 0 0 0 1 0 0 0 -1 3069bp52.dat
1 7 -20 -32 -70 -1 0 0 0 1 0 0 0 -1 3069bp61.dat
1 7 0 -48 -110 -1 0 0 0 1 0 0 0 -1 3937.DAT
1 7 0 -72 30 -1 0 0 0 1 0 0 0 -1 3937.DAT
1 7 0 -42.191002 -100.862 -1 0 0 0 0.422618 -0.906308 0 -0.906308 -0.422618 3938.DAT
1 7 0 -45.571999 -93.611 -1 0 0 0 0.422618 -0.906308 0 -0.906308 -0.422618 3023.DAT
1 7 0 -32 -90 -1 0 0 0 1 0 0 0 -1 2412b.dat
1 7 0 -48.952999 -86.362 -1 0 0 0 0.422618 -0.906308 0 -0.906308 -0.422618 3069bp68.dat
1 7 0 -65.338997 39.262001 -1 0 0 0 0.358368 -0.93358 0 -0.93358 -0.358368 3938.DAT
1 7 0 -67.844002 46.453999 -1 0 0 0 0.358368 -0.93358 0 -0.93358 -0.358368 3023.DAT
1 7 0 -70.348 53.646 -1 0 0 0 0.358368 -0.93358 0 -0.93358 -0.358368 3069bp68.dat
0