0 Untitled
0 Name: copilot.ldr
0 Author: Ben Vaughan
0 Unofficial Model
0 ROTATION CENTER -19.4516 11.7912 0.189297 1 "Custom" 
0 ROTATION CONFIG 1 1
1 25 0 0.064 1.439 1 0 0 0 0.992546 0.121869 0 -0.121869 0.992546 3815.dat
1 25 0 -31.697001 5.338 1 0 0 0 0.992546 0.121869 0 -0.121869 0.992546 973P52.DAT
1 14 0 -55.516998 8.263 1 0 0 0 0.992546 0.121869 0 -0.121869 0.992546 3626BP02.DAT
1 8 0 -56.509998 8.385 1 0 0 0 0.992546 0.121869 0 -0.121869 0.992546 2446.DAT
1 41 0 -56.388 9.377 1 0 0 0 0.992546 0.121869 0 -0.121869 0.992546 2447.DAT
1 25 0 -23.698999 4.017 1 0 0 0 0.798636 0.601815 0 -0.601815 0.798636 976.DAT
1 25 0 -23.726 3.958 1 0 0 0 0.788011 0.615661 0 -0.615661 0.788011 975.DAT
1 14 -22 -17.82 -20.966 0 0 -1 -0.121869 0.992546 0 0.992546 0.121869 0 977.DAT
1 14 22 -17.354 -20.791 0 0 -1 -0.139172 0.990268 0 0.990268 0.139172 0 977.DAT
1 25 0 12 0 1 0 0 0 0 1 0 -1 0 3817.dat
1 25 0 12 0 1 0 0 0 0 1 0 -1 0 3816.dat
0