0 Untitled
0 Name: arm_assembly.dat
0 Author: Ben Vaughan
0 Unofficial Model
0 Untitled
0 Name: shldr.dat
0 Author: MLCad
0 ROTATION CENTER 189.758 -94.7398 20 1 "Custom" 
0 ROTATION CENTER 1.01715 -18.2978 10 1 "Custom" 
0 ROTATION CENTER 0 0 0 1 "Custom" 
0 ROTATION CENTER 0 0 0 1 "Custom" 
0 ROTATION CENTER 0 0 0 1 "Custom" 
0 ROTATION CENTER 0 0 0 1 "Custom" 
0 ROTATION CENTER 0 0 0 1 "Custom" 
0 ROTATION CONFIG 1 1
0 ROTSTEP 2.36842 -70.4348 2.84585 ABS
0 Unofficial Model
1 7 250 -80 20 0 0 1 0 1 0 -1 0 0 3660.DAT
0 STEP
1 7 250 -112 20 0 0 1 0 1 0 -1 0 0 3023.DAT
1 7 250 -104 20 0 0 1 0 1 0 -1 0 0 32064.DAT
1 7 220 -104 10 -1 0 0 0 1 0 0 0 -1 30365.DAT
1 7 220 -104 30 -1 0 0 0 1 0 0 0 -1 30365.DAT
0 STEP
1 7 220 -112 30 -1 0 0 0 1 0 0 0 -1 2436.DAT
1 7 220 -112 10 1 0 0 0 1 0 0 0 1 2436.DAT
0 STEP
1 7 240 -136 10 1 0 0 0 1 0 0 0 1 3298.DAT
1 7 240 -136 30 -1 0 0 0 1 0 0 0 -1 3298.DAT
1 7 210 -136 30 -1 0 0 0 1 0 0 0 -1 3675.DAT
1 7 210 -136 10 0 0 1 0 1 0 -1 0 0 3675.DAT
0 STEP
1 7 220 -144 20 0 0 1 0 1 0 -1 0 0 3068.DAT
1 7 250 -144 20 0 0 1 0 1 0 -1 0 0 3069.DAT
0 STEP
1 7 220 -102 68 -1 0 0 0 0 -1 0 -1 0 3297.DAT
1 7 220 -102 -28 1 0 0 0 0 -1 0 1 0 3297.DAT
0 STEP
1 7 200 -102 -36 1 0 0 0 0 -1 0 1 0 3666.DAT
1 7 200 -102 76 -1 0 0 0 0 -1 0 -1 0 3666.DAT
0 STEP
1 7 200 -102 84 -1 0 0 0 0 -1 0 -1 0 6636.DAT
1 7 200 -102 -44 1 0 0 0 0 -1 0 1 0 6636.DAT
0 STEP
1 7 170 -102 68 0 0 1 -1 0 0 0 -1 0 3665.DAT
1 7 170 -102 -28 0 0 1 1 0 0 0 1 0 3665.DAT
0 STEP
0 Untitled
0 Name: up_arm.dat
0 Author: MLCad
0 Unofficial Model
1 7 186.209 -70.347 20 0 0.707107 0.707107 0 0.707107 -0.707107 -1 0 0 3747.DAT
0 STEP
1 7 162.166 -80.246 30 0.707107 0.707107 0 -0.707107 0.707107 0 0 0 1 30364.DAT
1 7 162.166 -80.246 10 0.707107 0.707107 0 -0.707107 0.707107 0 0 0 1 30364.DAT
0 STEP
1 7 140.955 -59.034 20 0 0.707107 0.707107 0 0.707107 -0.707107 -1 0 0 3700.DAT
1 7 152.268 -104.288 20 0 0.707107 0.707107 0 0.707107 -0.707107 -1 0 0 3298.DAT
0 STEP
1 7 146.612 -109.944 20 0 0.707107 0.707107 0 0.707107 -0.707107 -1 0 0 3069P09.DAT
0 STEP
1 0 139.54 -43.477 20 0 0.707107 -0.707107 0 0.707107 0.707107 1 0 0 6217.DAT
0 STEP
1 0 125.059 -28.996 11.498 0.5 0.707107 0.5 -0.5 0.707107 -0.5 -0.707107 0 0.707107 6048.DAT
0 STEP
0 Untitled
0 Name: rt4arm.dat
0 Author: MLCad
0 Unofficial Model
1 0 109.618 17.56 -32.341 0.5 0.707107 0.5 -0.5 0.707107 -0.5 -0.707107 0 0.707107 2654.DAT
1 0 129.616 -2.439 -4.058 0.5 0.707107 0.5 -0.5 0.707107 -0.5 -0.707107 0 0.707107 2654.DAT
0 STEP
1 7 113.958 1.904 -18.201 -0.5 0.707107 0.5 0.5 0.707107 -0.5 -0.707107 0 -0.707107 3020.DAT
0 STEP
1 7 86.988 -5.068 -18.2 -0.5 0.707107 0.5 0.5 0.707107 -0.5 -0.707107 0 -0.707107 4070.DAT
1 7 96.988 -15.068 -4.058 -0.5 0.707107 0.5 0.5 0.707107 -0.5 -0.707107 0 -0.707107 4070.DAT
1 7 106.988 -25.068 -18.2 0.5 0.707107 -0.5 -0.5 0.707107 0.5 0.707107 0 0.707107 4070.DAT
1 7 96.988 -15.068 -32.342 0.5 0.707107 -0.5 -0.5 0.707107 0.5 0.707107 0 0.707107 4070.DAT
0 STEP
1 7 111.989 -30.068 3.014 0.5 0.707107 0.5 -0.5 0.707107 -0.5 -0.707107 0 0.707107 3700.DAT
1 7 81.989 -0.067 -39.413 0.5 0.707107 0.5 -0.5 0.707107 -0.5 -0.707107 0 0.707107 3700.DAT
0 STEP
1 7 91.331 -20.723 -18.201 -0.5 0.707107 0.5 0.5 0.707107 -0.5 -0.707107 0 -0.707107 3020.DAT
1 0 75.675 -16.381 -32.342 -0.5 0.707107 0.5 0.5 0.707107 -0.5 -0.707107 0 -0.707107 4073.DAT
1 0 95.675 -36.381 -4.058 -0.5 0.707107 0.5 0.5 0.707107 -0.5 -0.707107 0 -0.707107 4073.DAT
0 STEP
1 8 70.02 -22.038 -32.341 -0.5 0.707107 0.5 0.5 0.707107 -0.5 -0.707107 0 -0.707107 4740.DAT
1 8 90.018 -42.037 -4.058 -0.5 0.707107 0.5 0.5 0.707107 -0.5 -0.707107 0 -0.707107 4740.DAT
1 0 84.361 -47.694 -4.058 -0.5 0.707107 0.5 0.5 0.707107 -0.5 -0.707107 0 -0.707107 3070.DAT
1 0 64.362 -27.696 -32.341 0.5 0.707107 0.5 -0.5 0.707107 -0.5 -0.707107 0 0.707107 2555.DAT
0 STEP
1 8 116.06 -19.997 -35.171 0.5 -0.5 -0.707107 -0.5 0.5 -0.707107 0.707107 0.707107 0 2412.DAT
1 8 97.059 -0.996 5.842 -0.5 0.5 -0.707107 0.5 -0.5 -0.707107 -0.707107 -0.707107 0 3070P06.DAT
0 STEP
1 8 87.06 9.004 -8.301 -0.5 0.5 -0.707107 0.5 -0.5 -0.707107 -0.707107 -0.707107 0 3070P06.DAT
0 STEP
0 WRITE Type in the comment
0 Untitled
0 Name: palm.dat
0 Author: MLCad
0 Unofficial Model
1 7 84.06 12.004 -46.484 0.5 -0.5 0.707107 -0.5 0.5 0.707107 -0.707107 -0.707107 0 3024.DAT
0 STEP
1 7 80.06 16.004 -52.141 0.5 -0.5 0.707107 -0.5 0.5 0.707107 -0.707107 -0.707107 0 3794.DAT
0 STEP
1 7 71.059 25.003 -50.727 0.5 -0.5 0.707107 -0.5 0.5 0.707107 -0.707107 -0.707107 0 3005.DAT
1 7 81.059 15.003 -64.869 -0.5 -0.5 -0.707107 0.5 0.5 -0.707107 0.707107 -0.707107 0 3040.DAT
0 STEP
1 7 64.059 32.004 -74.769 0.5 -0.5 0.707107 -0.5 0.5 0.707107 -0.707107 -0.707107 0 970.DAT
0 Untitled
0 Name: rlfing.dat
0 Author: Ben Vaughan
0 Unofficial Model
1 7 58.061 38.004 -83.253 -0.5 0.707107 -0.5 0.5 0.707107 0.5 0.707107 0 -0.707107 971.DAT
1 7 57.561 38.503 -82.546 -0.5 0.707107 -0.5 0.5 0.707107 0.5 0.707107 0 -0.707107 972.DAT
0 STEP
1 7 64.216 43.16 -96.689 -0.707107 -0.5 0.5 -0.707107 0.5 -0.5 0 -0.707107 -0.707107 3023.DAT
0 Untitled
0 Name: llfing.dat
0 Author: Ben Vaughan
0 Unofficial Model
1 7 53.716 53.66 -81.84 -0.707107 -0.5 0.5 -0.707107 0.5 -0.5 0 -0.707107 -0.707107 3023.DAT
0 STEP
0
