0 Untitled
0 Name: CH_atease.dat
0 Author: MLCad
0 Unofficial Model
0 WRITE Waist
0 ROTATION CENTER -61.8194 0.238515 -38.7938 1 "Custom" 
0 ROTATION CONFIG 1 1
1 0 -60 32 0 1 0 0 0 1 0 0 0 1 copwst.dat
0 WRITE torso
1 0 -32 -32 -57 1 0 0 0 1 0 0 0 1 midchst.dat
1 0 -62 -88 -87 1 0 0 0 1 0 0 0 1 chstplat.dat
1 0 -112 -56 -57 1 0 0 0 1 0 0 0 1 rtchst.dat
0 WRITE Right shoulder
1 0 -142 -144.062 -29.172 0 0 -1 0.190809 0.981627 0 0.981627 -0.190809 0 shldr.dat
0 WRITE right arm
1 0 -203 -91.054 -39.473 0 0.970296 0.241922 -0.190809 0.237477 -0.952469 -0.981627 -0.0461609 0.185141 up_arm.dat
1 0 -219 -82.221 -41.191 0 0.970296 -0.241922 0.190809 0.237477 0.952469 0.981627 -0.0461609 -0.185141 cop_arm_3fing.dat
1 0 -223 -67.631 -55.234 0.219256 0.970296 0.102241 -0.943869 0.237477 -0.229599 -0.247059 -0.0461609 0.9679 cop_arm_2fing.dat
1 0 -208 -47.887 -116.12 0.219256 0.970296 0.102241 -0.943869 0.237477 -0.229599 -0.247059 -0.0461609 0.9679 rt4arm.dat
1 0 -231 -50.966 -126.727 0.219256 -0.102241 0.970296 -0.943869 0.229599 0.237477 -0.247059 -0.9679 -0.0461609 palm.dat
1 0 -230 -56.555 -144.998 -0.219256 -0.102241 -0.970296 0.943869 0.229599 -0.237477 0.247059 -0.9679 0.0461609 thumb.dat
1 0 -237 -38.529 -178.042 -0.219256 0.91674 -0.333939 0.943869 0.285968 0.165328 0.247059 -0.278946 -0.927982 rlfing.dat
1 0 -237 -38.529 -178.042 -0.219256 0.91674 -0.333939 0.943869 0.285968 0.165328 0.247059 -0.278946 -0.927982 llfing.dat
1 0 48 -56 -57 1 0 0 0 1 0 0 0 1 lftchst.dat
1 0 -32 -104 33 -1 0 0 0 1 0 0 0 -1 cop_engine.dat
1 0 -62 -150 83 0 1 0 0 0 -1 -1 0 0 cop_nacelles.dat
1 0 -52 -191 83 0 0 1 0 1 0 -1 0 0 cop_eng_cap.dat
1 0 -52.221 -108 82.931 0.515038 -0.857167 0 0 0 1 -0.857167 -0.515038 0 cop_arm_3fing.dat
1 0 -58.383 -91.982 93.14 -0.0622299 -0.861301 0.50427 -0.93358 -0.128428 -0.334565 0.352924 -0.491597 -0.796101 cop_arm_2fing.dat
1 0 -71.321 -88.996 98.763 -0.0622299 -0.861301 0.50427 -0.93358 -0.128428 -0.334565 0.352924 -0.491597 -0.796101 cop_eng_arms.dat
1 0 -2 -150 83 0 -1 0 0 0 1 -1 0 0 cop_nacelles.dat
1 0 -12 -191 83 0 0 1 0 1 0 -1 0 0 cop_eng_cap.dat
1 0 -11.69 -108 83.179 -0.515038 -0.857167 0 0 0 1 -0.857167 0.515038 0 cop_arm_3fing.dat
1 0 -5.536 -91.862 93.377 0.0622299 -0.861301 -0.50427 -0.93358 0.128428 -0.334565 0.352924 0.491597 -0.796101 cop_arm_2fing.dat
1 0 -6.372 -86.82 106.861 0.0622299 -0.861301 -0.50427 -0.93358 0.128428 -0.334565 0.352924 0.491597 -0.796101 cop_eng_arms.dat
1 0 -32 -94 45 0 -1 0 1 0 0 0 0 1 cop_arm_3fing.dat
1 0 -32 -84.236 64.513 0 -1 0 -0.601815 0 -0.798636 0.798636 0 -0.601815 cop_arm_2fing.dat
1 0 -32 -63.471 80.162 -0.707107 0 -0.707107 0.425548 -0.798636 -0.425548 -0.564721 -0.601815 0.564721 cop_eng_block.dat
1 0 -32 -44.303 94.604 -0.707107 0 -0.707107 0.425548 -0.798636 -0.425548 -0.564721 -0.601815 0.564721 cop_engpod.dat
1 0 78 -144 -28 0 0 1 0 1 0 -1 0 0 shldr.dat
1 0 136.73 -88.895 -32 0 -0.981627 -0.190809 0 0.190809 -0.981627 1 0 0 up_arm.dat
1 0 152.725 -79.778 -32.017 0.136616 -0.972074 0.190809 -0.0265555 0.188952 0.981627 -0.990268 -0.139173 0 cop_arm_3fing.dat
1 0 157.844 -59.927 -40.796 0.042355 -0.972074 -0.23082 0.72457 0.188952 -0.662793 0.687898 -0.139173 0.712339 cop_arm_2fing.dat
1 0 150.766 -14.676 -88.022 0.042355 -0.972074 -0.23082 0.72457 0.188952 -0.662793 0.687898 -0.139173 0.712339 lft4arm.dat
1 0 174.919 -10.875 -93.506 -0.042355 0.23082 0.972074 -0.72457 0.662793 -0.188952 -0.687898 -0.712339 0.139173 palm.dat
1 0 178.193 -7.516 -111.782 -0.042355 0.23082 0.972074 -0.72457 0.662793 -0.188952 -0.687898 -0.712339 0.139173 thumb.dat
1 0 186.65 23.469 -130.409 -0.042355 -0.972074 0.23082 -0.72457 0.188952 0.662793 -0.687898 -0.139173 -0.712339 llfing.dat
1 0 186.65 23.469 -130.409 -0.042355 -0.972074 0.23082 -0.72457 0.188952 0.662793 -0.687898 -0.139173 -0.712339 rlfing.dat
1 0 -32 -141.347 -9.613 1 0 0 0 0.920505 0.390731 0 -0.390731 0.920505 collar.dat
1 0 7 -159 -25 0 0 1 0 1 0 -1 0 0 neck.dat
1 0 -32 -185 -56 1 0 0 0 1 0 0 0 1 head.dat
1 0 37.743 -3.959 -35.955 0.991095 0.122476 -0.0522571 -0.123208 0.99232 -0.0110056 0.0505078 0.0173461 0.998573 thigh_pin.dat
1 0 46.474 4.227 10.656 0.122476 -0.0522571 0.991095 0.99232 -0.0110056 -0.123208 0.0173461 0.998573 0.0505078 copLthigh.dat
1 0 45.919 144.764 -11.857 0.991095 -0.0522571 -0.122476 -0.123208 -0.0110056 -0.99232 0.0505078 0.998573 -0.0173461 Lshin.dat
1 0 60.895 133.548 62.908 0.122476 0.0522571 -0.991095 0.99232 0.0110056 0.123208 0.0173461 -0.998573 -0.0505078 shinpod.dat
1 0 96.267 290.144 -94.263 0.977339 0.122476 -0.172652 -0.123631 0.99232 0.00409166 0.171827 0.0173461 0.984974 copankletop.dat
1 0 82.046 250.671 -41.769 0.977339 0.122476 -0.172652 -0.123631 0.99232 0.00409166 0.171827 0.0173461 0.984974 copanklebase.dat
1 0 100.365 258.994 12.171 -0.98498 0.00245557 0.172652 0.00177578 0.99999 -0.00409166 -0.17266 -0.00372361 -0.984974 copheel.dat
1 0 87.972 242.572 -81.305 0.977339 0.122476 -0.172652 -0.123631 0.99232 0.00409166 0.171827 0.0173461 0.984974 coptoetop.dat
1 0 129.714 258.295 -155.277 -0.98498 0.00245557 0.172652 0.00177578 0.99999 -0.00409166 -0.17266 -0.00372361 -0.984974 coptoetip.dat
1 0 -101.199 -7.395 -36.233 -0.977221 -0.205834 -0.051687 -0.207791 0.977518 0.035807 0.0431547 0.0457315 -0.998021 thigh_pin.dat
1 0 -110.652 -1.345 10.565 0.205834 0.051687 -0.977221 -0.977518 -0.035807 -0.207791 -0.0457315 0.998021 0.0431547 copRthigh.dat
1 0 -160.255 132.212 -6.122 0.977221 0.051687 0.205834 0.207791 -0.035807 -0.977518 -0.0431547 0.998021 -0.0457315 Rshin.dat
1 0 -135.034 124.92 66.457 -0.205834 -0.051687 -0.977221 0.977518 0.035807 -0.207791 0.0457315 -0.998021 0.0431547 shinpod.dat
1 0 -63.465 152.801 -32.439 0.205834 0.977221 0.051687 -0.977518 0.207791 -0.035807 -0.0457315 -0.0431547 0.998021 shinarmor.dat
1 0 -219.819 119.555 -25.534 0.205834 -0.977221 -0.051687 -0.977518 -0.207791 0.035807 -0.0457315 0.0431547 -0.998021 shinarmor.dat
1 0 146.1 132.931 -31.14 -0.121869 0.991186 -0.0519459 -0.992546 -0.121702 0.00637815 0 0.052336 0.99863 shinarmor.dat
1 0 -12.488 152.405 -39.515 -0.121869 -0.991186 0.0519459 -0.992546 0.121702 -0.00637815 0 -0.052336 -0.99863 shinarmor.dat
1 0 -175.877 285.134 -87 0.977221 -0.205834 0.051687 0.207791 0.977518 -0.035807 -0.0431547 0.0457315 0.998021 copankletop.dat
1 0 -164.853 244.1 -34.935 0.977221 -0.205834 0.051687 0.207791 0.977518 -0.035807 -0.0431547 0.0457315 0.998021 copanklebase.dat
1 0 -163.317 238.126 -75.308 0.977221 -0.205834 0.051687 0.207791 0.977518 -0.035807 -0.0431547 0.0457315 0.998021 coptoetop.dat
1 0 -156.904 252.021 -159.844 -0.975266 0.0139093 -0.220594 0.0144459 0.999895 -0.000819471 0.22056 -0.00398589 -0.975365 coptoetip.dat
1 0 -121.36 252.191 6.411 -0.975266 0.0139093 -0.220594 0.0144459 0.999895 -0.000819471 0.22056 -0.00398589 -0.975365 copheel.dat
1 0 -247 64.031 -321.243 0.102241 -0.219256 -0.970296 -0.229599 0.943869 -0.237477 0.9679 0.247059 0.0461609 main_gun.dat
0
