0 Untitled
0 Name: landing_gear_r1.ldr
0 Author: Bryce Rollins
0 Unofficial Model
0 ROTATION CENTER 0 0 0 1 "Custom" 
0 ROTATION CONFIG 1 1
1 8 0 0 0 -1 0 0 0 0.866025 -0.5 0 -0.5 -0.866025 32013.DAT
1 8 0 55 95.263 1 0 0 0 0.866025 0.5 0 -0.5 0.866025 32013.DAT
1 0 10 55 95.263 1 0 0 0 0.866025 0.5 0 -0.5 0.866025 3749.DAT
1 0 0 27.5 47.631 0 0 -1 0.5 0.866025 0 0.866025 -0.5 0 3705.DAT
1 8 0 12.68 61.962 1 0 0 0 0.5 -0.866025 0 0.866025 0.5 32068.DAT
1 7 20 55 95.263 0 0 1 0.866025 0.5 0 -0.5 0.866025 0 3482.DAT
1 0 20 55 95.263 1 0 0 0 0.5 -0.866025 0 0.866025 0.5 132-OLD.DAT
0
